# z[cm]   Te[keV]   Tr[keV]   Tanalytic[keV]    sigmaA[1/cm]     Fz[jrk/(cm**2-sh)]  
  0.0002500000000003       0.9896589344344       0.9925325447214       0.9997191676974        103.5351349301      0.04093785817216
  0.0007500000000006       0.9901069462269       0.9919288247598       0.9991560965638        103.2592771069      0.03976075736011
   0.001250000000001       0.9915184894939       0.9974153501957        0.998591140109        103.3455735711       0.0305179581321
   0.001750000000001       0.9918320519697        0.993514110381       0.9980242305644        102.7032413637      0.03787219626186
   0.002250000000001       0.9906458692835       0.9937618360206        0.997455407984        103.2568758029      0.03592060412956
   0.002750000000001       0.9907903718004       0.9913960474418       0.9968846385652        102.8910147619      0.03487348186787
   0.003250000000001       0.9917632288929       0.9932280375082       0.9963118984418          102.69706077      0.03206505435491
   0.003750000000001       0.9899818071127       0.9882060450514       0.9957372097936        102.8438644133      0.03174272436549
   0.004250000000001       0.9883109528309        0.986108511298       0.9951605078608        103.3125233244      0.03703707051701
   0.004750000000001       0.9869548973794       0.9871674501195       0.9945818227786        104.0451053994      0.04412851935057
   0.005250000000001       0.9865112436131       0.9868316115808        0.994001130441         104.199395819      0.03895845126716
   0.005750000000001       0.9853610150681       0.9859299510243       0.9934183947549         104.596876096      0.03701034687963
   0.006250000000001        0.984441951833       0.9831548831996       0.9928336439544        104.6510257053      0.03272227557438
   0.006750000000001       0.9842614557951        0.982876384679       0.9922468165189        104.6960367145      0.04380363391202
   0.007250000000001       0.9853406046618       0.9866984032289       0.9916579319551        104.7056812417       0.0535635743259
   0.007750000000001       0.9844594722924        0.980581226082       0.9910669765292        104.3171932903      0.05471767576681
   0.008250000000001       0.9813051712735       0.9774049704515       0.9904739010784        105.3220118744      0.06838365740562
             0.00875       0.9798191961777        0.976777408871       0.9898787402899        105.9112316647      0.06141279331764
             0.00925        0.979259414413       0.9790373610383       0.9892814361362        106.4602098807        0.062222596113
             0.00975       0.9771953902563       0.9757492092257       0.9886819967249        106.9743055214      0.06537812999109
             0.01025       0.9771359481128       0.9767715135477       0.9880804194235         107.136808924      0.07454563275169
             0.01075       0.9778919143884       0.9829982244587        0.987476641086        107.6280621074      0.06307963458709
             0.01125       0.9786116445948       0.9808848349842       0.9868707032782        107.0045091707      0.05754321544714
             0.01175        0.977384667737       0.9764290128522       0.9862625517365        106.9768328446      0.05614680075174
             0.01225       0.9780971635721       0.9806843475584       0.9856521823337        107.2160351229      0.04961901278135
             0.01275       0.9741085314151       0.9730485725226       0.9850396043296        108.0454484334      0.05678593624504
             0.01325       0.9725304302602       0.9711635290719        0.984424739604        108.5307917831      0.04467407220428
             0.01375       0.9762014591733        0.975823657816       0.9838076370639        107.4429528938      0.05332885189541
             0.01425       0.9730727668151       0.9720613816218       0.9831882465051        108.3972057511      0.04920193404073
             0.01475       0.9724224879073       0.9707285352567       0.9825665506548         108.523055228      0.05563422684353
             0.01525       0.9705572407285       0.9678413822588       0.9819425680483        109.0121193131      0.05146151173387
             0.01575       0.9702319299375       0.9712128496561        0.981316214938        109.6245508912      0.05054201082994
             0.01625       0.9699603698633        0.969056398574       0.9806875376506        109.4582051054      0.04482268326481
             0.01675       0.9705187638544       0.9756227798763       0.9800564938376        110.1048897251      0.04068181753105
             0.01725       0.9700748928407       0.9724260122596       0.9794230520966        109.8680301297      0.03596251775067
             0.01775       0.9693083256068       0.9667193262687        0.978787237831        109.4506495203      0.03776470560492
             0.01825       0.9674822345902       0.9644702705497       0.9781489705191        110.0135869655      0.03557590054344
             0.01875       0.9707024697281       0.9712783679929       0.9775082844229        109.4094522186      0.02279319169863
             0.01925       0.9693708103127       0.9644927197445       0.9768651487408        109.1238557052      0.02427978796457
             0.01975       0.9676230907983       0.9640182582297       0.9762195168591        109.8856175974      0.02992510337479
             0.02025       0.9683562115711       0.9669474846487       0.9755714215407        109.9338451304       0.0506337402416
             0.02075       0.9675528112208       0.9707140095893       0.9749207857765        110.8449123545      0.04516929455382
             0.02125       0.9644632843862       0.9649588391584       0.9742676307893         111.535758132      0.05224708430482
             0.02175       0.9628993060955       0.9587967133997       0.9736119382275         111.440185934      0.05981589597716
             0.02225       0.9633809265657       0.9589242475731       0.9729536450878        111.2251598676         0.05807798965
             0.02275       0.9607830356158       0.9594993892248       0.9722927920288        112.5700567484      0.05006507508321
             0.02325       0.9608975497963       0.9651795701369       0.9716293058635        113.3315365981      0.05740847095155
             0.02375       0.9605558650872       0.9612291395353       0.9709631937088        112.9281785539      0.05353450089283
             0.02425       0.9603582689378       0.9626635420336       0.9702944506491        113.2334831472      0.05912791958032
             0.02475       0.9600659346584       0.9608482705588       0.9696229960046        113.1168677377      0.05851311752985
             0.02525       0.9589504788848       0.9603599680948       0.9689488789144        113.6029675847      0.05527618283818
             0.02575       0.9549819767301       0.9514680645771       0.9682720303653        114.3135278164       0.0507923886763
             0.02625       0.9567768305972       0.9585648358224       0.9675924421992        114.4349687446       0.0417090096074
             0.02675       0.9564803036303       0.9543299776888       0.9669101240133        113.9712934077      0.03626120474034
             0.02725         0.95852862587       0.9566149056495        0.966224976038        113.2763288871      0.03996670079655
             0.02775       0.9572532109592       0.9558970827737       0.9655370565276        113.8089025326      0.03924295083865
             0.02825       0.9551426270143       0.9545336735887       0.9648463010142        114.6726902661      0.03890037171782
             0.02875       0.9558190458195       0.9588581822917       0.9641526847779        114.9649997399      0.04115948329248
             0.02925       0.9555533109637       0.9546768257979       0.9634562284768        114.4862255332      0.05586197945397
             0.02975       0.9522817485603       0.9544375051585       0.9627568256003        116.1195210946      0.05256407197441
             0.03025       0.9494025142739       0.9456986439199       0.9620545303141        116.3102343121      0.05393156648292
             0.03075       0.9503603725196       0.9442176919586       0.9613492877421        115.6104046459      0.07066087135445
             0.03125       0.9511368798146       0.9492815803462       0.9606410551868        115.9442609999      0.07411885176797
             0.03175       0.9513866411783       0.9499592881931       0.9599298617412        115.9156112737      0.07204746745683
             0.03225       0.9491142512885       0.9446892177297       0.9592156041977        116.3116345353      0.07814702021804
             0.03275        0.947805266211       0.9453498383981       0.9584983216473        117.0815488349      0.07877522589577
             0.03325       0.9466644916938       0.9453816400206       0.9577779731776        117.6794493481      0.08729264263678
             0.03375       0.9454376592107       0.9465347888173       0.9570544965566        118.4991179493      0.08063823763146
             0.03425       0.9464171493262        0.946945704959       0.9563279300059        118.0448480529      0.07571448584568
             0.03475       0.9444925387686        0.946979955062       0.9555981739712        119.0704442131      0.07052749200437
             0.03525       0.9446866284299       0.9489629040767       0.9548652510709        119.2770536301      0.06215778932116
             0.03575       0.9468320628784       0.9435135856385       0.9541291355985        117.3152084178      0.05549680566966
             0.03625       0.9482200854597       0.9461742168452       0.9533897440605         116.988506275      0.05391746150073
             0.03675       0.9474986389173       0.9443100863247       0.9526471245477        117.0871926717      0.05473785491786
             0.03725       0.9464089716575       0.9435392261908        0.951901181546        117.5386291741      0.05404191160816
             0.03775       0.9450424025283       0.9454150323426       0.9511519196533        118.5370653278      0.05227002100831
             0.03825       0.9419953758558       0.9402833508705       0.9503993297438        119.3716947974      0.05179176881908
             0.03875       0.9408758159007       0.9409769998461       0.9496433051522        120.0769857321      0.04800101804269
             0.03925       0.9383336009659       0.9339507534789       0.9488839046625        120.3656131306      0.05164962957343
             0.03975       0.9392168233902        0.939328838506       0.9481210372287          120.71612524      0.04679919402291
             0.04025        0.935133685315       0.9285238311348       0.9473546877077        121.2649328788      0.04831537716526
             0.04075       0.9331541581114        0.931001904907        0.946584865075        122.7250213393      0.05345704570623
             0.04125       0.9342304788911       0.9336060403781       0.9458114373747        122.5424049548      0.05141353275717
             0.04175       0.9341494827822       0.9315645360739       0.9450344749915        122.2658599752      0.05249034803901
             0.04225       0.9327775657475       0.9302962522589       0.9442538918259        122.8218158503      0.05341098990166
             0.04275       0.9333065511424       0.9334829953122       0.9434696510829         123.034454484      0.06226765089828
             0.04325       0.9322658115594       0.9353451663792       0.9426817751852        123.9195518441       0.0697092152709
             0.04375       0.9329684180523       0.9356427101052       0.9418901235473         123.573004492      0.06285634978982
             0.04425       0.9307821603768       0.9311072616831       0.9410947601356        124.0623835764      0.05687468231863
             0.04475       0.9274337502674       0.9289007141174       0.9402956106656         125.599839423      0.05241426676397
             0.04525       0.9293133439131       0.9296762592792       0.9394926145488        124.6578234486      0.04529693775514
             0.04575       0.9286915792436        0.925074227517       0.9386858047867         124.267541807      0.05014742841321
             0.04625       0.9283476286083       0.9237757461346       0.9378750437627        124.2546117442      0.05649109991161
             0.04675       0.9289361110716       0.9295522712109       0.9370603759056        124.8512100963      0.06196382107759
             0.04725       0.9288692153964       0.9271523380401       0.9362417440798        124.4995731609      0.05660281129853
             0.04775       0.9275440127733       0.9234181364672       0.9354190615131        124.6478286196       0.0546101266849
             0.04825       0.9249618582124       0.9218988435142       0.9345923727584        125.8639713655       0.0517560322948
             0.04875       0.9227071944665       0.9220750818906       0.9337615435711         127.188553933      0.04329932016887
             0.04925       0.9239626368618       0.9241278372962       0.9329265967251        126.8034442799      0.05242721005385
             0.04975       0.9217858129105       0.9226715354107       0.9320874940074        127.8256083237      0.05040373692572
             0.05025       0.9230065626799       0.9238237641103       0.9312441197725        127.3073665329      0.05483964026605
             0.05075       0.9197580698595       0.9200652030723       0.9303965312053        128.5746485935      0.05628540560448
             0.05125       0.9170378363356       0.9183293620148       0.9295445978881         129.892408004      0.06092514997859
             0.05175       0.9184753228382       0.9199318840721       0.9286883185546        129.3115981861      0.06052762470554
             0.05225       0.9169380573373       0.9136970052241       0.9278276759041        129.1629083941      0.06651192648091
             0.05275       0.9159297356763       0.9155452156962       0.9269625223992        130.0746225828      0.05929480949228
             0.05325        0.914279996286       0.9139945909503       0.9260929290617        130.7970645794      0.05480723310575
             0.05375       0.9150429713586       0.9160458697241       0.9252187698091        130.6938467978      0.05865062055882
             0.05425       0.9107156257669       0.9106104700329       0.9243400166364        132.3703775373      0.06495625868582
             0.05475       0.9105992859282        0.914019393591       0.9234566753881         133.051947666      0.06256957437716
             0.05525       0.9067721034504       0.9071693358578       0.9225685632167        134.1951232355      0.06194363897027
             0.05575       0.9082799115397       0.9135225457564       0.9216757663242        134.4123957444      0.06193914405978
             0.05625       0.9062788863278       0.9114712238926       0.9207781635389        135.2974115532      0.04949187667644
             0.05675       0.9049251091013       0.9071147216699       0.9198756970591        135.3465162902      0.05191747473146
             0.05725       0.9060589133418        0.904396943431        0.918968389399        134.1434860725      0.05052293128214
             0.05775       0.9028584669954       0.8983408441227       0.9180560455218        135.0656968024      0.05932031131097
             0.05825       0.9054353940137       0.9050763323099        0.917138741336        134.6538794913      0.05987076322973
             0.05875       0.9062519774237       0.9086940741902       0.9162163702219        134.7986140963      0.05865864805011
             0.05925       0.9039875012442       0.9080843914729        0.915288841097        136.1243557384      0.05890090380777
             0.05975       0.9001447728822       0.9013942411283       0.9143561899693        137.3401923698      0.06123170359636
             0.06025       0.8997893646575       0.9009505630641       0.9134182232677        137.4865859807      0.06496225208641
             0.06075       0.8982450827959        0.898394534909       0.9124749902237        138.0076575984      0.06741762931145
             0.06125       0.9000624521117        0.903774135849       0.9115264055301        137.8427846028      0.07284961600266
             0.06175       0.8978503666202       0.9004720413896        0.910572340854         138.656829524      0.07310903890432
             0.06225       0.8981508084233       0.9015933952026        0.909612847135        138.6746166963       0.0665893282977
             0.06275       0.8971341636194       0.8950392753458       0.9086477326521        138.1039919038      0.06950188054972
             0.06325       0.8983787482801       0.9014221218207       0.9076770165116        138.4924856153      0.06770037087335
             0.06375       0.8954851327246       0.8966009088171        0.906700637333         139.471060493      0.07197943077531
             0.06425       0.8926920210375       0.8910854174348       0.9057184249634        140.2658488237      0.06201148980881
             0.06475       0.8910992929914       0.8883149552042         0.90473044688        140.7962628732      0.06650407997605
             0.06525       0.8859124778554       0.8817472658433       0.9037365136123        143.0164717247      0.06923408692088
             0.06575       0.8859308842996       0.8868473185182       0.9027366101083        143.9949994988      0.07338532283012
             0.06625        0.883916777167        0.881411344743       0.9017307019159        144.3063229911      0.07465225455816
             0.06675       0.8866370159111        0.884322937661       0.9007185718184        143.0204787085      0.07726627650382
             0.06725        0.885435314505       0.8840286080816       0.8997003056634        143.7793141453      0.06823323393875
             0.06775       0.8836527350744       0.8832670620863       0.8986757167116        144.8523105363      0.06521082809467
             0.06825        0.883541118764        0.887753786364       0.8976447511228         145.838062275      0.06563641088785
             0.06875       0.8842711536625       0.8855855244591       0.8966074048108        144.8874120851       0.0636436824887
             0.06925       0.8831791006546       0.8840669264833       0.8955634074254        145.3399859053       0.0495791590489
             0.06975        0.875725180189       0.8751621758382       0.8945128652584        148.7847312222      0.05273639296363
             0.07025       0.8726998057483       0.8688604197814       0.8934555948432        149.6644454158      0.06011392294219
             0.07075        0.874684827723       0.8702651950834       0.8923914981524        148.5334319859      0.06327911267361
             0.07125       0.8770071553003       0.8740959050102       0.8913205919866        147.6588060642       0.0685135049066
             0.07175       0.8749025678709       0.8720050713595       0.8902425861227         148.728323097      0.06481917218395
             0.07225       0.8708938574791       0.8714894137606       0.8891575693463        151.5184386296      0.05890327086227
             0.07275       0.8703621375922        0.868535186803       0.8880653755174        151.2868239281      0.05470006758957
             0.07325       0.8697355279166       0.8690372117158       0.8869658560801        151.8505274156      0.06054381109399
             0.07375       0.8694484402309       0.8713435739306       0.8858590450975        152.5545546779      0.06182519478049
             0.07425       0.8674399471074       0.8685610752554       0.8847446487972        153.4495669646      0.05822830697928
             0.07475       0.8662139299068       0.8628736142679       0.8836227166574        153.1499070031      0.05652374064329
             0.07525       0.8667208287247       0.8639116443136       0.8824931087356        152.9929847144      0.06459312482329
             0.07575       0.8660896445861       0.8647510609867       0.8813556185207        153.6388026358      0.06243096705801
             0.07625       0.8673057812023       0.8659852670753       0.8802102994595        152.9976404055      0.07098547134184
             0.07675       0.8662828990855       0.8668827127875       0.8790568541786         153.952403244      0.08220518015886
             0.07725       0.8627410061148       0.8603191440793       0.8778952862359        155.2002089913      0.07019965047633
             0.07775       0.8599415954933        0.854096668035       0.8767254859384        155.9863017859      0.07576475915648
             0.07825       0.8588123896967       0.8550550317345       0.8755471800637        157.0474432832      0.07094384954375
             0.07875       0.8559663364269       0.8546160689628       0.8743604438981        159.1485679599      0.07291108313158
             0.07925       0.8557041622712        0.850661309511        0.873164976236        158.4820576431       0.0828254455058
             0.07975       0.8540674920657       0.8538978823372        0.871960727129        160.4792301976      0.08807745977661
             0.08025       0.8532369104012       0.8535444840231       0.8707476217581        161.0576234726      0.08466671022766
             0.08075       0.8530113331508       0.8553583096951       0.8695253096916        161.6584150288      0.09114344084187
             0.08125       0.8508520164347       0.8557311382252       0.8682938908477        163.4992506645      0.09211453736643
             0.08175       0.8499117944686       0.8563660421498       0.8670530599697        164.4292255267      0.08657827031721
             0.08225       0.8461230412962       0.8490853649499       0.8658027044245        165.7926045972       0.0793762499462
             0.08275       0.8473824783942       0.8552669061934       0.8645427897613        166.2699519795       0.0754396557772
             0.08325        0.845112423341       0.8529025870644       0.8632728758305        167.5947247929      0.07139146251235
             0.08375        0.839898741204       0.8407713324424       0.8619930904155        168.9929272352      0.07113139228297
             0.08425       0.8415537859336       0.8445964428076       0.8607031238624        168.5317734589      0.06987284957614
             0.08475       0.8383350085481       0.8403386082737       0.8594027896451        170.2222415586      0.07769233498804
             0.08525       0.8374578048319       0.8455467097664       0.8580920784821        172.3304149671      0.06612449611145
             0.08575       0.8371140910188       0.8387660007732       0.8567705105545        170.8805078701      0.07605373878731
             0.08625       0.8335819918005       0.8341760709601       0.8554381801632        172.7951155227      0.07474284207743
             0.08675       0.8331781718552       0.8340346967725       0.8540947945208        173.1130809274        0.071437960453
             0.08725        0.834162992083        0.835734128299       0.8527400796326         172.681492691      0.07014586043823
             0.08775       0.8299962442743       0.8294502541811       0.8513740466082        174.7534119449      0.06761523850656
             0.08825       0.8299909621032       0.8318999224563       0.8499961949943         175.388406576      0.07331485294536
             0.08875       0.8261706134619       0.8267501390733       0.8486065523977        177.4848398037      0.06928635992926
             0.08925       0.8271673126845       0.8297538528834       0.8472048548066        177.3716857474      0.07035425672366
             0.08975       0.8270587333725       0.8311698907853       0.8457907240901        177.8494051315      0.06510104021536
             0.09025        0.827289363389       0.8296702781491       0.8443641945295        177.2385974077      0.06879468326763
             0.09075        0.825967384415       0.8325047549651       0.8429247419821         179.221270833       0.0686497555403
             0.09125       0.8243068272747       0.8320906839413       0.8414723129251        180.6604224587      0.05583748570028
             0.09175       0.8234895443437       0.8314189731173       0.8400066777214        181.2423759079      0.05574200781658
             0.09225       0.8217803920715       0.8294988045391       0.8385273332859         182.319891617      0.04912975787034
             0.09275       0.8176497821928       0.8217593000028       0.8370343402101        184.0727611591      0.04869051696738
             0.09325        0.815214184645       0.8140852408867        0.835527146744         184.271504535      0.04302811005723
             0.09375       0.8163130196188        0.817921531428       0.8340056000078        184.2785460821      0.04200590770639
             0.09425        0.812805854322         0.81666974658       0.8324695115057        187.3195121643      0.04325547140385
             0.09475       0.8101361973341       0.8136659755961       0.8309182271515         189.083715584       0.0502469877792
             0.09525       0.8091787001867       0.8145213357344       0.8293518373514        190.2919639967      0.04457267040261
             0.09575       0.8036872339192       0.8059350354226       0.8277697577173        193.2973472309      0.04296375497941
             0.09625       0.8060146121083       0.8116968304075        0.826171712774        192.6509894124      0.03883256740756
             0.09675       0.8035476867013       0.8110314602981       0.8245575633446        194.9944548544      0.04764075724434
             0.09725       0.8022372964809       0.8076228586111       0.8229264712595        195.3017219637       0.0423549302206
             0.09775       0.8016900707614       0.8036033358279       0.8212785606098        194.6470205473      0.03673792986213
             0.09825       0.8007518923997       0.8053736677255       0.8196132077497        196.1572615003      0.03835845586806
             0.09875       0.7943413744726       0.7972571378465       0.8179299846143        200.4174888158       0.0356497158005
             0.09925       0.7920127134466       0.7975722498696       0.8162287713909        203.0424499039      0.03472366084872
             0.09975        0.788141231963       0.7887628023334       0.8145086228715        204.4581919087      0.02135154423594
             0.10025       0.7855746539975       0.7813527601088       0.8127695814216         204.952231112      0.02310038383388
             0.10075       0.7842818179573       0.7839929935023       0.8110110150834        207.1999794279      0.02386440665298
             0.10125       0.7798080277754       0.7763501301767       0.8092323039435        209.7646515998      0.02150775419974
             0.10175        0.778358029753       0.7781805872918       0.8074333363768        212.0028578887      0.02539029929299
             0.10225       0.7742714263762       0.7702844062069       0.8056130742383        214.1164408039      0.02662651179448
             0.10275        0.771581636653       0.7719003683008       0.8037714127666        217.8072512509      0.02928276609012
             0.10325       0.7730179216045       0.7758851637603       0.8019077227351        217.4749521976      0.02570123200077
             0.10375       0.7732908536644       0.7709326096545       0.8000211399856        215.4664041791      0.02595013847504
             0.10425       0.7717208215209       0.7701359472212       0.7981115588861        217.0421221644      0.03353357322526
             0.10475       0.7727684410472       0.7673560073928       0.7961778253395        214.9021105125      0.04185601623798
             0.10525       0.7667089028447       0.7678220357109       0.7942196406361        222.2680956677      0.03840252763361
             0.10575       0.7638946198839       0.7624671269447       0.7922363782402        223.8311969517      0.03258172823572
             0.10625       0.7625126968552       0.7549133385605       0.7902268586693        222.9291501639      0.03705750343465
             0.10675       0.7592308031099       0.7540233809679       0.7881909773848        226.6421079364      0.04464318368412
             0.10725        0.756358496499        0.754169664538       0.7861274323858        230.3062139741      0.05617272951207
             0.10775       0.7539109973531        0.745621362757       0.7840356656825        230.3772667863      0.04980449991405
             0.10825       0.7554618501394       0.7519353163832       0.7819150515197        230.6418294016      0.05330364773104
             0.10875       0.7481804003092       0.7474442211388       0.7797639965572        238.4866525345      0.04800571067675
             0.10925       0.7442863509492        0.748023023629       0.7775823878987        244.0441079937      0.04240257202729
             0.10975        0.742265722859       0.7410356239777        0.775368730109        244.0354808458      0.04334670484883
             0.11025       0.7359317946431        0.735638842565       0.7731221124623        250.7712710639      0.04141779851752
             0.11075       0.7337688313899        0.736043682767       0.7708419044927        254.0810190978       0.0354079212335
             0.11125       0.7321922669903       0.7369973427983       0.7685259588269        256.8362979966      0.03737645898469
             0.11175       0.7285553089585       0.7330342819838       0.7661741363462        260.5652796763      0.03700716622465
             0.11225        0.726117006757       0.7296128426991       0.7637846810277        262.7584045258      0.03469839578251
             0.11275       0.7219246792347       0.7190181463233       0.7613561919548        264.5021655336      0.04375352436411
             0.11325        0.719916813755       0.7199909775508       0.7588879274617        268.0447823916      0.04427543433335
             0.11375       0.7202299796215       0.7234102203556       0.7563772619362        269.1202619061      0.03784259191136
             0.11425       0.7176107564818       0.7166799562945       0.7538237149993        270.1795077317      0.03895262344409
             0.11475       0.7150010806478       0.7116674778506       0.7512252609337        272.0561188178      0.04086690219805
             0.11525       0.7134769390818       0.7140899404054       0.7485797998532        275.6222025304      0.04387731594659
             0.11575       0.7108456834548        0.713907718307       0.7458863860317        279.8823244838      0.04440821881131
             0.11625       0.7020414823522       0.7059416211901       0.7431417987211        290.9991772395      0.04564138816662
             0.11675       0.6980471526603       0.7017210936135       0.7403449564738        295.9145882119      0.04337109004402
             0.11725       0.6945235188828        0.689663536075       0.7374934647369        296.0268870575      0.04766949434112
             0.11775       0.6907383155678       0.6872524200147       0.7345841932576        301.6070737589      0.04739739318184
             0.11825       0.6851120648898       0.6847261719996        0.731615859974        310.7555144788      0.04491358836995
             0.11875       0.6835123126682       0.6819383127857       0.7285843715432        312.2886174519      0.04642764887363
             0.11925       0.6824152621761       0.6851316393436        0.725487700985         316.211965392      0.04105014041372
             0.11975       0.6754560561601       0.6789196709357        0.722322879456        326.5544604761      0.03709944570273
             0.12025       0.6694035253781       0.6680629603459        0.719085193745        332.5732111116      0.03933014859021
             0.12075       0.6633000979661         0.66319786653       0.7157727786464        342.6010035296      0.03466533832424
             0.12125       0.6628015128509       0.6640894878235       0.7123801889994        344.2547519608      0.03585483428346
             0.12175        0.657737516978       0.6528746649164       0.7089038401182        348.3652324981      0.03889879436115
             0.12225       0.6491501815399       0.6446081714607       0.7053398031814        362.5407636433      0.04554831625581
             0.12275       0.6427345345488       0.6391945265379       0.7016807971885        374.1555212726      0.04735728052967
             0.12325       0.6408301050858       0.6447453256406       0.6979238796146        382.8727939949      0.04891867884635
             0.12375       0.6326238804892       0.6308438488694       0.6940613602203        393.6347975441      0.04769054220352
             0.12425       0.6238135563304        0.619549477995       0.6900869208205        408.6103901335      0.04658976519392
             0.12475       0.6142742121199       0.6121293872996        0.685994880441        429.6285458204       0.0518125797179
             0.12525       0.6094692034254       0.6138427437779       0.6817734802585        445.6709279581       0.0492287509758
             0.12575       0.6044457110189        0.610632573651       0.6774176128044        458.6726634666      0.04291100376865
             0.12625       0.5928249515981       0.5948524097678       0.6729154964453        481.9951033362      0.03701922033695
             0.12675       0.5849852450566       0.5891697147026       0.6682555787569        503.9903850575      0.03386720315181
             0.12725       0.5743801470146       0.5726456500488       0.6634281620513        525.8057803726      0.03132974633404
             0.12775        0.566044083355       0.5633090480398       0.6584141435962        548.2026585023      0.03795255177894
             0.12825       0.5556581520028       0.5589623813951       0.6532022318664        587.1794251893      0.03179107124997
             0.12875       0.5375165216373       0.5380129839091       0.6477725938872        644.6332811278       0.0309733319496
             0.12925       0.5241580101882       0.5273298480633        0.642102287807        699.6238386977      0.02941842318279
             0.12975        0.509189103488         0.50730654755       0.6361719774435        754.1136184495      0.03074757584826
             0.13025       0.4924841132883       0.4949572121589        0.629946336162        842.3885802052      0.03413647669814
             0.13075       0.4609233184319       0.4596523106923       0.6233977903992        1017.825420222      0.03061132271162
             0.13125       0.4190522312314       0.4221502338578       0.6164861959492         1371.46551848      0.02760715050216
             0.13175       0.3399332582388       0.3526519885669       0.6091582976921        2680.411982758      0.02174896044334
             0.13225      0.05346950137552      0.06188710549376       0.6013658511443        1049750.745508    2.390517492646e-05
             0.13275      0.01011117350625      0.01011656082522       0.5930260491141        96800271.73107    2.214485614033e-08
             0.13325      0.01004525874574      0.01005679153527       0.5840560840019        98792474.39981   -2.112347628668e-09
             0.13375      0.01012993120816      0.01012919129528       0.5743436605452        96192680.55004    1.162010301918e-08
             0.13425      0.01016310640334       0.0101604771277       0.5637195379711        95232317.76254   -4.722297052614e-09
             0.13475     0.009559247478797      0.00955707189451       0.5520018390144        114448216.8282   -5.660621732013e-10
             0.13525      0.01008679569266       0.0100913334497       0.5388782342242        97493968.28805   -2.753087311545e-08
             0.13575      0.01001412724743      0.01001174962922       0.5239302323827        99548713.71275    8.159089685053e-09
             0.13625      0.01010130440287      0.01011103529989       0.5065155831927        97135247.72482    1.162467634183e-08
             0.13675     0.009574171693082     0.009571694046387       0.4853945129071        113909539.7957   -5.993506015032e-09
             0.13725      0.01006824313104      0.01006744561096       0.4584150202564        97970919.11205   -1.689474014493e-08
             0.13775     0.009984354644864     0.009985760175385       0.4198305999621        100488005.0794    4.139005964809e-09
             0.13825      0.01010111413921      0.01009614986103       0.3427293209015        96969145.01131   -4.056489196511e-09
             0.13875      0.01013331163455      0.01013241675613                  0.01        96094664.83376    1.244660804327e-08
             0.13925      0.01009677710394      0.01010022795774                  0.01        97192332.72553   -8.659623585593e-09
             0.13975      0.01015281943632      0.01015016476652                  0.01        95521763.20169   -1.460843814383e-08
             0.14025      0.01008484439328      0.01008482752716                  0.01        97497058.68843     2.16612757646e-08
             0.14075     0.009892883548466      0.00989580771663                  0.01        103320673.3539   -4.579761836398e-09
             0.14125      0.01014247409251      0.01014971532041                  0.01        95927998.63923    3.136569571464e-08
             0.14175      0.01002752920971      0.01002336402096                  0.01        99128737.72408    3.457548579462e-09
             0.14225     0.009811173191686     0.009803351839032                  0.01        105783543.1577    8.669338336419e-09
             0.14275     0.009966264409202     0.009962987495378                  0.01        100978679.2862    3.870397372119e-09
             0.14325      0.01003989711926      0.01003061517029                  0.01        98702105.02242    1.144413563077e-09
             0.14375     0.009838091930816     0.009838431027417                  0.01         105023270.207   -1.022210286912e-09
             0.14425      0.01009400400253      0.01009369435739                  0.01        97228462.31101   -1.111119309238e-08
             0.14475      0.01000839413366      0.01000518550211                  0.01         99709839.7348    1.469230167646e-08
             0.14525     0.009657577266316     0.009661773009224                  0.01        111077142.0792    1.050025922036e-08
             0.14575      0.01024124584408      0.01023481778915                  0.01        93027532.13515    -7.08988100933e-10
             0.14625     0.009930097900014     0.009931054005096                  0.01          102138662.51   -2.004506132555e-09
             0.14675      0.01008614187158      0.01008597503369                  0.01        97457679.21649    4.726650918155e-09
             0.14725     0.009837719071719     0.009842613260557                  0.01        105094343.7954    3.769914553513e-09
             0.14775      0.00980643189691     0.009806241568837                  0.01        106036826.7148    5.291769220359e-09
             0.14825      0.01016339333557      0.01015829566329                  0.01         95196260.3301    1.004311053308e-09
             0.14875      0.01009892308942      0.01010372031126                  0.01        97146133.62649    1.416612537072e-08
             0.14925     0.009937335971354     0.009936364646756                  0.01        101891647.5541    1.437541052665e-08
             0.14975      0.01012544292603      0.01012433140445                  0.01         96316363.7586   -1.093357379377e-08
